-0.39740
0.29937
2.34282
0.94435
0.91964
-0.15488
-0.30726
-0.04423
0.11361
-0.47594
-0.59319
-0.43119
0.13709
0.78367
-1.25469
-1.25394
0.10438
-0.07598
-0.20785
-0.40578
0.67438
-0.91082
-0.63591
-0.15752
-0.66175
-0.28287
0.97126
0.50031
-0.16547
-0.35723
-1.87663
-0.44834
-0.15338
0.69850
-0.31485
1.81677
-0.15166
-0.43099
1.15511
0.50403
0.46238
1.93928
-0.85134
0.30478
0.53184
0.11599
-1.63394
1.90772
-0.08611
0.43289
-0.69580
1.18984
0.32367
-0.05997
0.49255
-0.28458
0.29883
0.30968
-0.08543
0.14680
-0.02488
0.53686
-1.58335
0.23735
-0.42995
1.16052
-0.10986
0.90064
1.01943
1.08711
-0.27345
-0.24496
1.05319
-0.81879
-1.25221
0.32817
0.10756
-0.81221
-0.68403
0.29117
1.74805
1.58595
0.17712
-0.81431
-1.29900
0.07555
-0.63882
-1.29756
-0.03595
1.47788
-1.03759
0.77007
-0.14711
-0.37865
-0.26467
-0.88017
0.60534
-1.18670
1.61840
0.07284
0.59828
1.05349
-0.10953
0.12136
-0.52630
-0.18579
-0.29843
-0.51264
1.89042
-0.88414
0.59646
0.00416
-1.04915
-0.79930
-0.34441
0.99463
-0.05462
-0.04709
0.73879
0.06083
0.03258
-1.03566
0.10379
0.13396
0.83389
-1.37553
-0.74143
-0.37652
-0.46494
0.17938
-0.10538
0.80482
-0.55755
-0.26413
-0.46632
0.77386
2.53773
-0.36150
1.15230
-2.06325
0.49190
2.09470
0.96702
0.28308
1.60217
0.61198
0.06275
-0.13668
0.38179
-0.87691
0.25156
1.37242
0.30860
1.22555
1.65523
0.69353
0.29857
-0.75429
-1.29214
0.88144
-0.78540
-0.93282
-0.35884
-0.97098
0.08662
0.91218
-0.86203
0.88991
-0.75977
0.80867
-0.87627
0.22885
-1.11786
-0.32589
-0.78847
-0.67594
0.14982
0.93010
-0.79693
-1.43523
-0.83146
0.20668
0.41868
-2.28177
-0.58769
1.44234
-0.61567
0.20059
0.54630
0.62076
-1.64589
0.74737
-1.02224
-0.31192
0.17164
-0.05159
-0.10128
1.17939
-0.60292
0.32185
-1.58840
-1.10690
0.74239
0.49137
0.17052
-1.74170
-1.45054
0.12638
0.45246
-0.19490
1.95626
0.16692
-0.03951
-0.30912
0.50772
-0.22351
-1.24977
1.78436
0.13113
0.51598
1.52024
0.50926
0.24799
-0.06391
0.66838
-0.28158
0.00011
-0.82097
-0.75809
-0.56636
1.00366
-0.14880
-0.09418
1.88834
-0.79512
-1.05268
-1.05574
0.47055
0.82802
1.56102
1.19061
-0.89459
-0.02122
-0.96607
-0.98411
-0.35524
1.27039
-1.21993
-1.89095
0.45200
0.47254
1.58391
-1.61889
-0.23751
-0.53833
-0.03364
0.00862
0.50619
-0.32902
-0.33616
-0.75777
-0.63082
0.57714
-1.08043
-0.13468
-0.44121
0.91086
-1.48752
-0.67596
0.07986
1.08997
-1.27811
1.70970
-1.49078
-0.30787
1.22468
-0.09508
1.19605
-0.33774
1.36490
-0.37050
0.33678
-1.06216
0.85051
-0.28695
-0.30280
-1.31125
-0.62348
0.12576
0.57630
0.92379
-1.30602
0.19953
-1.97094
-0.27930
0.22224
1.37535
-0.36630
0.90954
-0.22841
0.43447
1.57196
0.47894
-0.41437
0.63625
1.32264
-0.95263
-0.61261
0.54645
1.73648
1.09237
-1.39804
0.92858
-0.47353
-2.80522
-0.23994
-0.15982
0.87447
0.52734
-1.29204
-0.71756
0.89553
-0.25388
1.58529
-0.51608
0.39746
0.19138
-0.55198
-0.47890
-0.28839
1.01441
-0.06179
0.89701
0.52373
-0.82598
0.60306
-1.00180
-0.03941
1.36405
-0.00935
-0.80987
0.25945
0.38885
0.39539
2.85301
0.33315
-1.06251
0.38202
0.37973
1.55975
1.20646
-0.64341
-0.80435
1.14203
0.29341
0.50206
0.47997
-0.56966
-1.01122
-0.31738
0.07847
-0.07971
0.50204
-0.26864
0.15229
-0.61706
-0.28246
0.20758
-0.77446
1.38108
0.25988
-1.68513
0.45991
1.10917
1.35694
-1.39183
0.06209
-1.21946
-0.41038
0.06696
0.95643
-0.53308
-0.97675
1.60457
-1.49104
-0.49998
0.13024
0.68393
-3.41164
-0.30940
-0.45682
-0.30452
-0.96610
1.25073
0.79462
-0.22048
1.93222
-0.30279
0.08208
-0.82047
-1.40439
-0.39683
-0.03467
1.30018
-0.29617
-0.23709
0.26149
-0.95149
0.26056
-0.57124
-0.43802
-0.48700
0.26681
-0.26139
-0.57715
0.28001
0.19745
1.81133
0.93710
0.40710
-0.58371
0.63684
-1.54994
-1.31204
-0.91625
0.53616
0.13295
1.51550
-1.57673
-0.82395
0.66712
-1.28316
-0.29611
-0.97434
-1.69165
-0.54026
-0.88855
0.09325
0.22122
0.44078
-1.47751
-0.34302
-0.21049
-0.38302
-0.87799
1.13732
-0.94683
1.20682
1.68133
-0.75876
0.59858
-0.85787
0.48979
-0.96470
0.95750
-0.35782
-1.05285
-0.46950
2.96038
-0.71445
1.60292
0.57066
-0.61282
0.44296
-1.97421
-0.61229
-0.04060
-0.27740
-1.32054
0.45875
0.62812
-0.58479
-0.40935
0.34876
1.15175
0.83000
-0.88739
-1.81953
0.31950
1.87787
-0.85900
1.00480
-0.52333
-0.30424
0.39025
0.27968
-0.87083
-2.13977
0.96955
-0.51354
1.15309
-0.33014
-0.30754
1.69075
0.41048
-2.25742
-1.03275
-0.95998
-0.20370
-0.97439
1.44795
-1.67604
-1.19758
-1.15733
-2.09111
-1.16738
0.74840
-0.60896
-0.51739
-1.49813
0.26262
1.81298
0.02410
-1.00122
-0.32851
-1.77976
0.29704
-0.27114
0.23009
2.67316
-0.37141
-0.17566
1.21035
-0.30252
-1.38527
-0.03709
-0.79172
0.13864
-0.42766
0.41577
0.91599
0.17889
0.57594
1.33432
1.62822
-0.29644
0.24354
-1.59755
-0.44316
-0.02780
0.60750
-0.80904
0.37325
0.05195
1.72612
0.64556
0.85158
-0.90865
-0.75467
-0.00813
0.40312
1.68268
0.17760
0.14808
0.72689
-0.63330
1.32124
1.76369
-0.16591
1.04304
-1.26296
1.36427
-0.41348
-1.47657
-1.68513
-0.28294
-0.25721
-0.41287
-0.65234
-0.82175
0.51257
0.45301
0.53484
-0.65934
0.65168
1.26860
-0.66846
1.43054
-0.43286
-0.45018
0.47974
-1.49936
0.40629
1.01231
0.89302
0.96447
-0.96788
-1.47138
-1.40484
-0.43074
0.05516
0.54351
-0.09338
-0.30227
-0.62823
1.24294
-0.96613
0.46088
0.79137
0.85457
0.86559
-1.65440
0.63260
0.19877
-0.22339
-0.56889
1.84103
-0.52869
-0.41006
-0.14394
-0.23513
1.92706
-0.24587
-2.15417
-0.51010
0.23719
-0.49378
0.03568
0.37462
-0.07660
0.14804
0.92383
-1.31316
0.16161
-1.35151
-2.32069
0.39830
-0.33131
0.56929
0.13133
-0.43772
0.32050
-0.26826
-0.62369
-0.52361
-0.37176
0.60925
-0.12996
0.04182
-0.04008
-0.73852
-0.58756
0.36732
1.60437
2.07025
-0.47715
-0.70061
0.07881
0.25156
1.02621
-1.16447
1.30970
0.71568
-0.45870
-1.22969
-0.12395
0.05789
-0.34905
-0.42917
0.96284
-0.12574
0.73873
1.84261
0.21330
-1.07662
2.32907
0.85200
-1.22013
-0.59080
0.14337
0.17774
-1.10480
-0.82638
0.89843
-0.18698
-0.45125
0.09485
-0.02006
-0.63146
-0.51659
1.51751
-2.02996
0.61955
0.54059
0.32967
0.36722
-1.11404
-0.03602
0.81153
2.14338
0.70710
-2.49028
-0.72325
-1.64200
0.27217
-1.56527
0.80749
-0.39411
0.92279
0.77129
1.15859
-0.11896
0.26031
-0.81500
-0.47347
0.73630
0.76305
0.34605
1.60953
-0.33468
0.03799
-0.03755
-1.39478
-0.80495
0.65076
1.63517
0.29533
-0.61944
-0.42983
0.96034
-0.75351
0.33381
-0.40971
1.04722
0.19325
-0.05711
-1.82573
-0.79359
-0.42869
0.48299
1.68491
-0.93918
-0.78366
1.08212
0.31288
-0.68327
0.40332
-0.21929
1.22773
-0.18399
-0.49652
-1.92763
0.02484
-1.61393
-0.56531
-0.32749
1.88527
-0.61583
0.18674
-0.13818
0.40694
-1.12157
-0.35388
0.62194
-0.29312
0.82742
0.38394
-1.16453
0.18411
-0.56431
1.14388
0.16028
-0.24433
-2.13420
0.35966
0.41526
0.05053
-0.94585
-0.78322
-0.33845
-0.29586
-0.82385
1.54243
-0.47276
-0.24893
0.21060
-1.15399
-1.01076
-0.06695
-0.82356
-0.15230
-0.09226
0.53782
0.55907
-1.00143
-1.42450
-0.23146
-0.13804
0.30485
-0.67804
-0.49194
0.84225
1.12115
0.03231
0.28781
-0.03235
-1.14782
1.50315
-0.21784
0.52712
-0.88659
0.47508
-0.00364
1.47368
-0.33871
0.27633
0.34046
1.83399
0.37200
-1.03331
0.32321
-0.33943
0.70914
0.88597
-0.35437
-0.30984
0.48005
1.66915
-0.01578
-0.19332
0.79083
1.31844
-1.73069
0.75568
1.74132
0.69316
-0.23373
-1.19534
-0.10626
2.83675
0.31167
0.59265
0.53686
-0.44724
-0.84418
0.44260
-1.78555
-1.10512
0.51921
0.24010
1.46903
-0.34075
0.19821
0.88908
-0.77941
-0.71512
1.21429
-0.25956
-0.20771
-0.84906
1.38007
-0.90875
-0.27108
1.79757
-0.97746
0.32189
-1.23583
-1.70441
-1.84432
-1.28784
1.02838
-0.63568
-1.25739
-0.03802
-2.00183
0.93453
-0.44405
0.32810
0.81171
-0.32618
-0.22461
0.51017
-1.37567
-0.55924
0.45878
0.49030
-0.31878
-0.59108
-0.58550
-1.07606
0.04118
0.68068
0.50823
-0.57788
-0.42998
0.47690
0.60932
2.92113
-1.14875
-0.10451
0.68011
1.28895
0.52879
-0.24240
-0.85325
0.63718
1.75156
0.83788
0.22842
-1.58554
-0.02669
0.01753
1.75892
1.87931
1.12399
1.20615
-0.34533
-0.77348
-0.19801
-0.18608
0.83654
0.38202
-0.61120
-0.86579
0.78881
0.97266
-0.10194
0.71839
-0.45081
-0.45033
-0.43380
-1.62873
-2.37044
-1.24179
1.92359
-1.89578
1.13688
-2.02644
-0.94403
-0.21207
1.01703
1.45707
-0.49861
-1.36708
-0.78164
-0.34924
0.14853
0.78767
0.03708
0.98875
1.42524
-0.64463
-0.45726
1.58347
-0.05369
0.86911
-1.15730
0.65565
0.03647
-1.70099
-0.22654
-0.18201
-0.93840
-1.36630
-0.04474
-0.70083
-1.39491
-0.07074
-0.36811
0.21351
-1.06638
0.09251
-0.17189
-2.45474
0.00558
0.86467
2.22646
0.81457
-1.36747
-0.00233
-1.22250
1.07481
1.95910
0.32088
0.56506
0.05754
1.04510
0.14935
1.17282
-1.28000
0.07123
-0.76099
0.43221
0.18288
-1.02242
-0.95694
1.08458
-0.35052
0.29023
0.19463
0.77179
0.96248
-1.24848
-0.05707
-2.09053
0.63152
0.49775
0.11986
0.33425
0.33492
